name: gbsa
loss: coxph
learning_rate: 0.4545970661800319
n_estimators: 590
criterion: 'friedman_mse'
min_samples_split: 2
min_samples_leaf: 4
dropout_rate: 0.011421818853050396
